-4.882812496773120126e-02
2.166748045443072090e-01
2.349853514072063887e-01
3.906249997418496100e-01
3.051757810483200078e-03
-2.655029295120384103e-01
-1.434326170927104072e-01
-9.460449212497920590e-02
9.460449212497920590e-02
1.525878905241600039e-02
6.408691402014719818e-02
-1.556396483346431936e-01
-1.770019530080255976e-01
1.739501951975424010e-01
3.967285153628159755e-02
2.838134763749375900e-01
1.831054686289920047e-02
-9.460449212497920590e-02
-2.136230467338239847e-01
3.051757810483200078e-03
-3.051757810483200078e-02
3.387451169636351844e-01
1.617431639556095868e-01
8.850097650401279881e-02
-1.129150389878783994e-01
-2.319335935967232198e-01
-2.929687498063872075e-01
-2.197265623547904057e-01
-6.713867183063040867e-02
3.997802731732991721e-01
3.051757810483200078e-03
-6.713867183063040867e-02
0.000000000000000000e+00
-2.319335935967232198e-01
1.068115233669119923e-01
2.075195311128576192e-01
3.051757810483200078e-02
-4.791259762458623950e-01
-1.831054686289919908e-01
-5.706787105603583488e-01
-5.798339839918080496e-02
3.601074216370175884e-01
1.678466795765759800e-01
-3.662109372579839817e-01
1.586914061451263902e-01
5.035400387297279678e-01
6.408691402014719818e-02
1.892089842499584118e-01
-2.441406248386560063e-02
-5.706787105603583488e-01
-1.708984373870592044e-01
4.028320309837823965e-01
-1.586914061451263902e-01
-6.408691402014720095e-01
-3.051757810483200078e-03
-2.258300779757567989e-01
8.239746088304640559e-02
7.019042964111359417e-01
-7.019042964111360527e-02
-7.690429682417663226e-01
-1.312255858507775930e-01
2.380371092176895853e-01
-4.272460934676480110e-02
-6.713867183063040867e-02
1.220703124193280031e-01
6.805419917377536487e-01
1.159667967983616099e-01
-9.765624993546240251e-02
3.967285153628159755e-02
-5.920410152337408638e-01
-1.129150389878783994e-01
-4.150390622257152384e-01
-3.326416013426687912e-01
-1.068115233669119923e-01
-2.655029295120384103e-01
-2.532958982701056239e-01
2.136230467338240055e-02
-2.258300779757567989e-01
2.166748045443072090e-01
8.239746088304640559e-02
1.190185546088447927e-01
1.678466795765759800e-01
-7.934570307256319510e-02
-1.190185546088447927e-01
-2.593994138910719616e-01
-5.310058590240768206e-01
-7.629394526207999849e-02
3.540039060160511952e-01
3.417968747741184088e-01
1.028442382132838562e+00
3.540039060160511952e-01
-1.007080077459455991e-01
-1.007080077459455991e-01
-6.805419917377536487e-01
-2.990722654273536008e-01
-6.103515620966400157e-03
-8.850097650401279881e-02
-3.051757810483199940e-01
8.850097650401279881e-02
2.166748045443072090e-01
1.983642576814079739e-01
5.371093746450432693e-01
1.281738280402943964e-01
-3.173828122902527804e-01
-2.319335935967232198e-01
-7.751464838627327714e-01
-2.502441404596223995e-01
-1.434326170927104072e-01
1.037597655564288096e-01
3.692626950684672060e-01
3.082275388588032183e-01
8.239746088304640559e-02
-1.831054686289920047e-02
1.129150389878783994e-01
-2.532958982701056239e-01
-7.019042964111360527e-02
-3.417968747741184088e-01
-2.593994138910719616e-01
-2.258300779757567989e-01
-3.540039060160511952e-01
5.187988277821440480e-02
7.629394526207999849e-02
1.342773436612608173e-01
1.525878905241600039e-02
-7.324218745159680188e-02
1.068115233669119923e-01
-1.251220702298111997e-01
2.441406248386560063e-01
7.934570307256319510e-02
1.983642576814079739e-01
1.617431639556095868e-01
-3.967285153628159755e-02
1.403808592822272105e-01
-9.155273431449599542e-02
8.544921869352960220e-02
-3.265380857217023980e-01
-2.349853514072063887e-01
-2.655029295120384103e-01
-3.021240232378368251e-01
6.408691402014719818e-02
1.098632811773952028e-01
2.532958982701056239e-01
3.265380857217023980e-01
3.234863279112191736e-01
3.051757810483200078e-03
-2.349853514072063887e-01
-1.525878905241599970e-01
-1.220703124193280031e-01
-7.629394526207999849e-02
2.990722654273536008e-01
-3.967285153628159755e-02
1.800537108185087942e-01
1.281738280402943964e-01
7.324218745159680188e-02
1.617431639556095868e-01
3.601074216370175884e-01
2.441406248386560063e-02
-2.990722654273536008e-01
-2.349853514072063887e-01
-2.105712889233407881e-01
-1.190185546088447927e-01
6.195068355280896055e-01
-1.831054686289920047e-02
6.103515620966400157e-03
6.103515620966400157e-02
3.326416013426687912e-01
9.155273431449600235e-03
1.678466795765759800e-01
-1.373291014717439862e-01
4.882812496773120126e-02
-6.103515620966400157e-02
-1.525878905241599970e-01
1.586914061451263902e-01
2.593994138910719616e-01
2.258300779757567989e-01
-1.220703124193280031e-02
-4.577636715724799771e-02
-2.258300779757567989e-01
-2.563476560805887927e-01
5.493164058869760141e-02
-2.410888670281728097e-01
2.746582029434880071e-02
-1.708984373870592044e-01
-1.220703124193280031e-01
-1.098632811773952028e-01
5.187988277821440480e-02
7.019042964111360527e-02
3.051757810483200078e-03
1.586914061451263902e-01
3.265380857217023980e-01
7.934570307256319510e-02
1.068115233669119923e-01
1.220703124193280031e-01
-6.103515620966400157e-03
6.103515620966400157e-03
9.765624993546240251e-02
-1.129150389878783994e-01
-6.408691402014719818e-02
-1.281738280402943964e-01
-1.739501951975424010e-01
-1.495361327136768004e-01
-7.019042964111360527e-02
-1.708984373870592044e-01
-1.770019530080255976e-01
-5.798339839918080496e-02
-1.220703124193280031e-02
1.403808592822272105e-01
1.922607420604415807e-01
1.007080077459455991e-01
1.403808592822272105e-01
9.155273431449599542e-02
1.617431639556095868e-01
7.324218745159680188e-02
9.155273431449600235e-03
-4.272460934676480110e-02
-1.983642576814079739e-01
-3.784179684999168236e-01
-3.784179684999168236e-01
-3.295898435321856224e-01
-2.258300779757567989e-01
3.051757810483200078e-03
1.312255858507775930e-01
1.464843749031936038e-01
8.544921869352960220e-02
7.934570307256319510e-02
3.753662106894335992e-01
1.220703124193280031e-01
1.464843749031936038e-01
2.166748045443072090e-01
1.892089842499584118e-01
1.007080077459455991e-01
3.662109372579840094e-02
-1.068115233669119923e-01
-2.288818357862399955e-01
-3.295898435321856224e-01
7.324218745159680188e-02
-1.434326170927104072e-01
-1.831054686289920047e-02
1.220703124193280031e-01
3.021240232378368251e-01
2.746582029434880071e-02
3.356933591531520433e-02
-2.227783201652735745e-01
-4.577636715724799910e-01
-1.037597655564288096e-01
1.220703124193280031e-02
1.068115233669119923e-01
6.256103511490559432e-01
1.556396483346431936e-01
1.556396483346431936e-01
1.007080077459455991e-01
-1.333618163181158556e+00
8.239746088304640559e-02
3.967285153628159755e-02
1.220703124193280031e-02
-2.362060545313997117e+00
-1.403808592822272105e-01
-1.800537108185087942e-01
-1.953124998709248050e-01
1.248168944487628718e+00
-4.577636715724799771e-02
3.662109372579840094e-02
1.037597655564288096e-01
-1.831054686289919908e-01
7.934570307256319510e-02
-8.239746088304640559e-02
-1.312255858507775930e-01
-1.251220702298111997e-01
-2.746582029434880071e-02
1.068115233669119923e-01
3.143310544797696116e-01
1.861572264394751874e-01
1.037597655564288096e-01
6.713867183063040867e-02
-2.044677733023744226e-01
3.570556638265344196e-01
-1.220703124193280031e-01
-1.525878905241600039e-02
2.136230467338240055e-02
-3.967285153628159755e-02
-1.434326170927104072e-01
-1.312255858507775930e-01
-4.882812496773120126e-02
9.155273431449599542e-02
2.288818357862399955e-01
3.509521482055679709e-01
2.502441404596223995e-01
3.448486325846016332e-01
-2.136230467338240055e-02
-1.861572264394751874e-01
-2.471923826491391751e-01
-1.016235350890905664e+00
-2.807617185644544211e-01
-1.373291014717439862e-01
8.544921869352960220e-02
7.537841791893503673e-01
3.143310544797696116e-01
2.166748045443072090e-01
-7.629394526207999849e-02
-5.981445308547072015e-01
-2.929687498063872075e-01
-2.349853514072063887e-01
7.629394526207999849e-02
5.615234371289088422e-01
1.861572264394751874e-01
5.187988277821440480e-02
-1.922607420604415807e-01
-3.448486325846016332e-01
-1.403808592822272105e-01
-1.068115233669119923e-01
-1.831054686289920047e-02
-3.417968747741184088e-01
-1.708984373870592044e-01
-2.380371092176895853e-01
-1.251220702298111997e-01
-8.544921869352960220e-02
1.770019530080255976e-01
9.765624993546240251e-02
1.220703124193280031e-01
6.408691402014719818e-02
7.934570307256319510e-02
3.967285153628159755e-02
4.272460934676480110e-02
-1.220703124193280031e-02
-1.037597655564288096e-01
-3.356933591531519601e-01
-2.136230467338240055e-02
9.155273431449599542e-02
1.861572264394751874e-01
1.190185546088447927e-01
-9.155273431449599542e-02
-2.197265623547904057e-01
-2.380371092176895853e-01
-7.171630854635520080e-01
1.525878905241599970e-01
2.807617185644544211e-01
2.716064451330048035e-01
-1.464843749031936038e-01
1.831054686289920047e-02
-6.408691402014719818e-02
-3.356933591531520433e-02
-1.708984373870592044e-01
-1.129150389878783994e-01
-2.197265623547904057e-01
-2.777099607539711967e-01
-6.713867183063040867e-02
-4.882812496773120126e-02
5.493164058869760141e-02
9.460449212497920590e-02
-1.660156248902860954e+00
-1.281738280402943964e-01
-1.892089842499584118e-01
-2.471923826491391751e-01
1.342773436612607840e+00
-1.037597655564288096e-01
-5.493164058869760141e-02
-8.239746088304640559e-02
5.493164058869760141e-02
4.882812496773120126e-02
1.495361327136768004e-01
1.983642576814079739e-01
-1.324462889749708827e+00
-1.281738280402943964e-01
-3.417968747741184088e-01
-3.906249997418496100e-01
-3.326416013426687912e-01
-1.220703124193280031e-01
8.239746088304640559e-02
1.983642576814079739e-01
2.441406248386560063e-01
2.105712889233407881e-01
1.586914061451263902e-01
5.798339839918080496e-02
-9.155273431449600235e-03
-4.882812496773120126e-02
-5.493164058869760141e-02
0.000000000000000000e+00
1.281738280402943964e-01
2.105712889233407881e-01
1.708984373870592044e-01
1.586914061451263902e-01
3.662109372579840094e-02
-5.493164058869760141e-02
-4.882812496773120126e-02
2.441406248386560063e-02
-1.831054686289920047e-02
-7.019042964111360527e-02
-1.312255858507775930e-01
-1.800537108185087942e-01
-1.159667967983616099e-01
3.662109372579840094e-02
2.624511717015551859e-01
3.051757810483199940e-01
2.807617185644544211e-01
7.629394526207999849e-02
-1.739501951975424010e-01
-2.685546873225216347e-01
-3.234863279112191736e-01
-2.044677733023744226e-01
-1.068115233669119923e-01
3.051757810483200078e-03
1.220703124193280031e-02
-2.441406248386560063e-02
-9.765624993546240251e-02
-1.068115233669119923e-01
-8.239746088304640559e-02
-1.068115233669119923e-01
-1.831054686289920047e-02
1.831054686289920047e-02
8.239746088304640559e-02
5.187988277821440480e-02
-2.441406248386560063e-02
-1.129150389878783994e-01
-2.136230467338239847e-01
-2.655029295120384103e-01
-2.288818357862399955e-01
-2.105712889233407881e-01
-4.882812496773120126e-01
-3.356933591531520433e-02
1.220703124193280031e-02
5.493164058869760141e-02
6.103515620966400157e-02
1.281738280402943964e-01
9.765624993546240251e-02
8.544921869352960220e-02
2.288818357862399955e-01
1.007080077459455991e-01
9.765624993546240251e-02
7.324218745159680188e-02
-3.662109372579840094e-02
-8.239746088304640559e-02
-2.899169919959039832e-01
-9.460449212497920590e-02
-1.251220702298111997e-01
3.051757810483200078e-02
-3.662109372579840094e-02
9.155273431449600235e-03
-1.159667967983616099e-01
-7.019042964111360527e-02
4.119873044152320141e-01
7.934570307256319510e-02
1.983642576814079739e-01
2.685546873225216347e-01
-3.723144528789503749e-01
1.220703124193280031e-01
1.831054686289920047e-02
-1.220703124193280031e-01
-7.202148432740351769e-01
-2.319335935967232198e-01
-1.770019530080255976e-01
-1.037597655564288096e-01
8.361816400723967035e-01
2.563476560805887927e-01
3.479003903950848020e-01
2.960205076168704319e-01
8.239746088304640559e-02
-9.765624993546240251e-02
-2.563476560805887927e-01
-1.220703124193280031e-01
5.187988277821440480e-02
1.586914061451263902e-01
1.525878905241599970e-01
9.460449212497920590e-02
-8.850097650401279881e-02
-1.861572264394751874e-01
-1.220703124193280031e-01
-4.577636715724799771e-02
3.051757810483200078e-03
-3.967285153628159755e-02
-2.166748045443072090e-01
-2.655029295120384103e-01
-3.479003903950848020e-01
-2.014160154918911982e-01
6.103515620966400157e-03
1.403808592822272105e-01
2.136230467338239847e-01
1.037597655564288096e-01
-7.324218745159680188e-02
-1.861572264394751874e-01
-1.678466795765759800e-01
-8.544921869352960220e-02
7.934570307256319510e-02
1.953124998709248050e-01
2.349853514072063887e-01
1.983642576814079739e-01
1.770019530080255976e-01
2.136230467338240055e-02
-1.281738280402943964e-01
-2.166748045443072090e-01
-3.448486325846016332e-01
-2.990722654273536008e-01
-1.007080077459455991e-01
5.493164058869760141e-02
1.739501951975424010e-01
1.495361327136768004e-01
1.525878905241599970e-01
4.272460934676480110e-02
4.272460934676480110e-02
1.708984373870592044e-01
3.204345701007360048e-01
3.021240232378368251e-01
2.532958982701056239e-01
3.051757810483200078e-03
-1.495361327136768004e-01
-2.075195311128576192e-01
-2.197265623547904057e-01
-1.464843749031936038e-01
-9.155273431449599542e-02
-1.739501951975424010e-01
-2.136230467338239847e-01
-3.906249997418496100e-01
-4.058837887942656208e-01
-3.479003903950848020e-01
-2.593994138910719616e-01
-2.166748045443072090e-01
-3.051757810483199940e-01
6.713867183063040867e-02
2.380371092176895853e-01
3.356933591531519601e-01
2.899169919959039832e-01
9.460449212497920590e-02
-2.044677733023744226e-01
-3.051757810483199940e-01
-2.746582029434879724e-01
-1.495361327136768004e-01
2.685546873225216347e-01
3.051757810483200078e-03
-1.495361327136768004e-01
-1.770019530080255976e-01
2.014160154918911982e-01
-9.155273431449600235e-03
8.544921869352960220e-02
2.868652341854208143e-01
-1.464843749031936038e-01
3.356933591531520433e-02
-1.922607420604415807e-01
-4.272460934676480110e-02
1.770019530080255976e-01
2.380371092176895853e-01
2.319335935967232198e-01
2.532958982701056239e-01
-4.119873044152320141e-01
1.007080077459455991e-01
1.831054686289920047e-02
1.068115233669119923e-01
5.493164058869759447e-01
-1.617431639556095868e-01
-3.295898435321856224e-01
-3.845214841208831613e-01
-5.859374996127744151e-01
6.103515620966400157e-02
1.525878905241599970e-01
1.556396483346431936e-01
-5.798339839918080496e-02
-2.227783201652735745e-01
-2.868652341854208143e-01
-1.312255858507775930e-01
1.190185546088447927e-01
2.655029295120384103e-01
1.586914061451263902e-01
-2.746582029434880071e-02
-1.770019530080255976e-01
-1.770019530080255976e-01
2.746582029434880071e-02
1.556396483346431936e-01
1.831054686289919908e-01
8.850097650401279881e-02
-2.868652341854208143e-01
-3.997802731732991721e-01
-4.119873044152320141e-01
-2.868652341854208143e-01
-3.540039060160511952e-01
3.662109372579840094e-02
6.103515620966400157e-02
6.103515620966400157e-02
-5.187988277821440480e-02
1.525878905241600039e-02
-1.220703124193280031e-02
-7.324218745159680188e-02
-1.464843749031936038e-01
-1.861572264394751874e-01
-1.037597655564288096e-01
6.408691402014719818e-02
1.586914061451263902e-01
1.617431639556095868e-01
1.220703124193280031e-02
-1.556396483346431936e-01
-2.319335935967232198e-01
-1.800537108185087942e-01
3.051757810483200078e-02
2.166748045443072090e-01
3.112792966692863872e-01
1.953124998709248050e-01
3.051757810483200078e-03
-1.281738280402943964e-01
-7.934570307256319510e-02
6.713867183063040867e-02
2.197265623547904057e-01
2.014160154918911982e-01
4.882812496773120126e-02
-1.464843749031936038e-01
-2.471923826491391751e-01
-1.892089842499584118e-01
4.882812496773120126e-02
2.410888670281728097e-01
3.112792966692863872e-01
2.258300779757567989e-01
6.408691402014719818e-02
-6.408691402014719818e-02
-1.251220702298111997e-01
-8.544921869352960220e-02
-4.577636715724799771e-02
4.577636715724799771e-02
1.464843749031936038e-01
5.798339839918080496e-02
3.387451169636351844e-01
-3.051757810483200078e-03
-4.577636715724799771e-02
-1.892089842499584118e-01
-1.129150389878783994e-01
-3.448486325846016332e-01
-3.326416013426687912e-01
-1.586914061451263902e-01
-2.899169919959039832e-01
7.019042964111360527e-02
7.019042964111360527e-02
7.629394526207999849e-02
-1.373291014717439862e-01
4.272460934676480110e-02
1.129150389878783994e-01
-2.441406248386560063e-02
1.071166991479603148e+00
-1.434326170927104072e-01
-2.319335935967232198e-01
-1.159667967983616099e-01
1.464843749031936038e-01
6.103515620966400157e-02
-4.577636715724799771e-02
3.662109372579840094e-02
2.441406248386560063e-02
-8.544921869352960220e-02
-1.373291014717439862e-01
-6.713867183063040867e-02
-7.568359369998336472e-01
3.051757810483200078e-02
1.220703124193280031e-01
2.471923826491391751e-01
2.471923826491391751e-01
2.899169919959039832e-01
1.464843749031936038e-01
1.129150389878783994e-01
0.000000000000000000e+00
-7.629394526207999849e-02
-4.272460934676480110e-02
-5.187988277821440480e-02
3.051757810483200078e-03
-6.713867183063040867e-02
-7.324218745159680188e-02
-3.662109372579840094e-02
-3.356933591531520433e-02
3.051757810483200078e-02
2.166748045443072090e-01
3.356933591531520433e-02
-2.136230467338240055e-02
-1.159667967983616099e-01
-1.190185546088447927e-01
-2.624511717015551859e-01
-2.410888670281728097e-01
-2.532958982701056239e-01
-6.408691402014719818e-02
-1.220703124193280031e-02
-6.103515620966400157e-03
7.629394526207999849e-02
4.699707028144127774e-01
-1.647949217660928112e-01
-2.716064451330048035e-01
-3.540039060160511952e-01
-8.209228510199808593e-01
-1.678466795765759800e-01
-3.967285153628159755e-02
1.220703124193280031e-01
-1.220703124193280031e-02
8.239746088304640559e-02
-3.051757810483200078e-03
-2.746582029434880071e-02
-3.143310544797696116e-01
-3.356933591531520433e-02
1.525878905241600039e-02
5.798339839918080496e-02
2.136230467338239847e-01
1.464843749031936038e-01
1.403808592822272105e-01
1.342773436612608173e-01
1.403808592822272105e-01
4.272460934676480110e-02
-3.051757810483200078e-02
-1.525878905241600039e-02
-1.678466795765759800e-01
-1.037597655564288096e-01
-1.831054686289919908e-01
-1.892089842499584118e-01
-1.220703124193280031e-01
3.356933591531520433e-02
3.082275388588032183e-01
3.662109372579839817e-01
5.645751949393920111e-01
2.197265623547904057e-01
-3.051757810483200078e-03
-2.227783201652735745e-01
-7.324218745159680188e-02
-2.227783201652735745e-01
1.220703124193280031e-02
8.544921869352960220e-02
7.934570307256319510e-02
-1.068115233669119923e-01
-2.441406248386560063e-01
-3.265380857217023980e-01
-4.119873044152320141e-01
-5.798339839918080496e-02
1.159667967983616099e-01
1.892089842499584118e-01
-3.601074216370175884e-01
1.586914061451263902e-01
5.798339839918080496e-02
7.019042964111360527e-02
-5.950927730442239216e-01
-4.882812496773120126e-02
-1.251220702298111997e-01
-1.922607420604415807e-01
-2.777099607539711967e-01
-2.410888670281728097e-01
-1.525878905241599970e-01
-1.129150389878783994e-01
-2.288818357862399955e-01
9.460449212497920590e-02
1.922607420604415807e-01
2.471923826491391751e-01
1.464843749031936038e-01
1.342773436612608173e-01
4.577636715724799771e-02
-1.007080077459455991e-01
-1.037597655564288096e-01
-2.441406248386560063e-02
9.765624993546240251e-02
1.922607420604415807e-01
1.586914061451263902e-01
5.493164058869760141e-02
-1.312255858507775930e-01
-2.136230467338239847e-01
-2.014160154918911982e-01
-1.617431639556095868e-01
-6.103515620966400157e-03
3.967285153628159755e-02
9.765624993546240251e-02
1.129150389878783994e-01
1.190185546088447927e-01
9.765624993546240251e-02
7.934570307256319510e-02
-7.019042964111360527e-02
-1.953124998709248050e-01
-2.502441404596223995e-01
-2.471923826491391751e-01
-7.629394526207999849e-02
3.051757810483200078e-03
9.460449212497920590e-02
-3.662109372579840094e-02
-1.403808592822272105e-01
-3.204345701007360048e-01
-3.479003903950848020e-01
-3.112792966692863872e-01
-7.629394526207999849e-02
4.272460934676480110e-02
1.281738280402943964e-01
3.967285153628159755e-02
-4.577636715724799771e-02
-1.617431639556095868e-01
-1.281738280402943964e-01
4.272460934676480110e-02
1.495361327136768004e-01
1.312255858507775930e-01
1.495361327136768004e-01
6.408691402014719818e-02
-1.525878905241600039e-02
2.807617185644544211e-01
-5.493164058869760141e-02
1.007080077459455991e-01
1.190185546088447927e-01
-1.159667967983616099e-01
3.662109372579840094e-02
-8.850097650401279881e-02
-1.556396483346431936e-01
3.479003903950848020e-01
-1.129150389878783994e-01
1.220703124193280031e-02
2.441406248386560063e-01
3.662109372579839817e-01
1.861572264394751874e-01
1.312255858507775930e-01
2.136230467338240055e-02
8.422851556933631523e-01
-1.861572264394751874e-01
-3.295898435321856224e-01
-2.014160154918911982e-01
5.767822261813247975e-01
-1.495361327136768004e-01
-2.990722654273536008e-01
-2.593994138910719616e-01
2.319335935967232198e-01
-3.784179684999168236e-01
-1.617431639556095868e-01
3.356933591531520433e-02
1.522827147431116801e+00
1.403808592822272105e-01
8.239746088304640559e-02
-1.708984373870592044e-01
1.770019530080255921e+00
-7.019042964111360527e-02
6.347656245805055608e-01
2.593994138910719616e-01
2.679443357604249343e+00
1.007080077459455991e-01
-7.019042964111360527e-02
-1.739501951975424010e-01
-1.916503904983449580e+00
-1.068115233669119923e-01
7.934570307256319510e-02
2.288818357862399955e-01
-6.713867183063040867e-02
2.532958982701056239e-01
9.155273431449599542e-02
-4.577636715724799771e-02
1.953124998709248050e-01
-1.251220702298111997e-01
-4.577636715724799771e-02
2.441406248386560063e-02
-1.794433592564121493e+00
2.380371092176895853e-01
8.850097650401279881e-02
3.967285153628159755e-02
-3.265380857217023980e-01
-6.103515620966400157e-03
-2.563476560805887927e-01
1.098632811773952028e-01
3.997802731732991721e-01
3.662109372579840094e-02
6.713867183063040867e-02
-1.892089842499584118e-01
-6.011962886651903704e-01
-2.380371092176895853e-01
-4.394531247095808113e-01
-4.882812496773120126e-02
2.441406248386560063e-02
3.662109372579840094e-02
-1.220703124193280031e-02
-1.312255858507775930e-01
-7.598876948103168161e-01
-3.143310544797696116e-01
-4.943847652982783503e-01
-1.800537108185087942e-01
9.460449212497920590e-02
9.460449212497920590e-02
7.324218745159680188e-02
1.281738280402943964e-01
-1.373291014717439862e-01
7.019042964111360527e-02
-2.380371092176895853e-01
-1.464843749031936038e-01
-3.204345701007360048e-01
-2.075195311128576192e-01
-1.464843749031936038e-01
-1.007080077459455991e-01
8.239746088304640559e-02
1.312255858507775930e-01
-2.807617185644544211e-01
7.019042964111360527e-02
0.000000000000000000e+00
-6.103515620966400157e-02
-9.765624993546240251e-02
-5.493164058869760141e-02
-3.662109372579840094e-02
-1.831054686289920047e-02
-3.662109372579839817e-01
7.934570307256319510e-02
6.591796870643712447e-01
2.075195311128576192e-01
8.850097650401279881e-02
1.342773436612608173e-01
-3.906249997418496100e-01
-6.103515620966400157e-02
-3.448486325846016332e-01
-3.051757810483200078e-02
2.685546873225216347e-01
9.155273431449599542e-02
3.601074216370175884e-01
0.000000000000000000e+00
-9.246826165764097105e-01
-3.967285153628159755e-02
1.342773436612608173e-01
2.136230467338240055e-02
2.868652341854208143e-01
1.525878905241600039e-02
1.174926757036031999e+00
-1.159667967983616099e-01
3.326416013426687912e-01
-1.312255858507775930e-01
1.861572264394751874e-01
-3.051757810483200078e-03
-2.868652341854208143e-01
4.882812496773120126e-02
-1.425170897495654510e+00
9.155273431449600235e-03
1.953124998709248050e-01
-2.075195311128576192e-01
1.461791991221452758e+00
-2.532958982701056239e-01
-4.302978512781311937e-01
-1.007080077459455991e-01
1.040649413374771237e+00
1.403808592822272105e-01
-1.431274413116620847e+00
0.000000000000000000e+00
-2.502441404596223995e-01
-2.075195311128576192e-01
-1.489257811515801500e+00
-4.577636715724799771e-02
4.162597653499084949e+00
2.136230467338240055e-02
1.855468748773785759e+00
5.187988277821440480e-02
-1.098632811773951889e+00
1.770019530080255976e-01
6.439208980119551784e-01
2.166748045443072090e-01
2.328491209398681594e+00
4.577636715724799771e-02
4.882812496773120126e-02
-7.629394526207999849e-02
6.622314448748544136e-01
-4.577636715724799771e-02
1.376342772527923142e+00
3.662109372579840094e-02
-1.449584959979519860e+00
8.850097650401279881e-02
-1.644897459850444887e+00
-4.577636715724799771e-02
-7.873535151046655578e-01
-7.934570307256319510e-02
1.165771483604582492e+00
-1.525878905241600039e-02
-6.500244136329216271e-01
5.798339839918080496e-02
-8.483886713143296010e-01
3.051757810483200078e-03
-6.622314448748544136e-01
1.831054686289920047e-02
1.959228514330214610e+00
-1.647949217660928112e-01
1.455688475600486420e+00
-1.831054686289919908e-01
-5.432128902660096070e-01
-5.493164058869760141e-02
-2.609252927963135793e+00
-6.408691402014719818e-02
-8.178710932094976904e-01
-6.408691402014719818e-02
-2.093505857991475150e+00
-2.441406248386560063e-02
-3.143310544797696116e-01
-1.617431639556095868e-01
7.995605463465983442e-01
-2.441406248386560063e-01
-1.803588865995571222e+00
8.850097650401279881e-02
2.270507810999500720e+00
3.112792966692863872e-01
-5.615234371289088422e-01
-5.493164058869760141e-02
-1.699829100439142371e+00
-3.723144528789503749e-01
-1.568603514588364556e+00
-2.166748045443072090e-01
-1.409912108443238443e+00
1.220703124193280031e-02
-2.056884764265677124e+00
2.288818357862399955e-01
8.544921869352960220e-02
1.800537108185087942e-01
1.589965819261747182e+00
-2.441406248386560063e-02
-2.050781248644710342e+00
-1.770019530080255976e-01
-9.582519524917247900e-01
6.713867183063040867e-02
-9.338378900078591061e-01
3.356933591531519601e-01
9.552001946812416211e-01
9.765624993546240251e-02
-1.235961913245695820e+00
-1.647949217660928112e-01
-1.327514647560191996e+00
-1.739501951975424010e-01
4.333496090886144181e-01
-1.312255858507775930e-01
-1.504516600568217566e+00
-9.155273431449599542e-02
1.403808592822271883e+00
2.807617185644544211e-01
1.779174803511705427e+00
3.021240232378368251e-01
-5.401611324555264382e-01
-2.166748045443072090e-01
-1.797485350374604662e+00
-4.150390622257152384e-01
-4.913330074877952369e-01
-5.493164058869760141e-02
-1.068115233669119979e+00
5.493164058869760141e-02
4.943847652982783503e-01
-1.525878905241599970e-01
9.582519524917247900e-01
-1.617431639556095868e-01
3.875732419313663857e-01
3.356933591531520433e-02
-3.341674802479103867e+00
1.068115233669119923e-01
6.622314448748544136e-01
4.272460934676480110e-02
-4.180908200361983518e-01
-1.647949217660928112e-01
3.509521482055679709e-01
-1.892089842499584118e-01
-1.647949217660928112e-01
-1.007080077459455991e-01
-5.676269527498751799e-01
6.713867183063040867e-02
-9.155273431449600235e-03
-6.713867183063040867e-02
1.464843749031936038e-01
6.713867183063040867e-02
-1.583862303640780622e+00
3.906249997418496100e-01
3.753662106894335992e-01
9.765624993546240251e-02
-9.460449212497920590e-02
-1.831054686289919908e-01
5.249023434031103719e-01
2.563476560805887927e-01
3.143310544797696116e-01
3.509521482055679709e-01
-4.882812496773120126e-02
-1.495361327136768004e-01
-3.936767575523327789e-01
-5.096435543506944166e-01
-9.948730462175231493e-01
-1.617431639556095868e-01
1.611328123935129586e+00
2.258300779757567989e-01
1.275634764781977681e+00
1.525878905241599970e-01
-1.702880858249625540e+00
0.000000000000000000e+00
-6.408691402014719818e-02
-6.713867183063040867e-02
5.096435543506944166e-01
-6.103515620966400157e-03
5.279541012135935407e-01
-7.324218745159680188e-02
1.525878905241599970e-01
-7.019042964111360527e-02
1.037597655564288096e-01
-1.129150389878783994e-01
2.285766600051916786e+00
5.493164058869760141e-02
7.873535151046655578e-01
-3.967285153628159755e-02
-4.669189450039295530e-01
-1.495361327136768004e-01
-3.875732419313663857e-01
-1.220703124193280031e-02
1.177978514846515168e+00
2.593994138910719616e-01
-3.051757810483200078e-03
1.892089842499584118e-01
-1.147460936741683257e+00
-2.288818357862399955e-01
5.462646480764927759e-01
6.103515620966400157e-02
-5.798339839918080496e-02
1.098632811773952028e-01
-1.434326170927104072e-01
-8.544921869352960220e-02
-2.624511717015551859e-01
-1.647949217660928112e-01
1.220703124193280031e-01
1.220703124193280031e-02
-1.763916014459289805e+00
5.187988277821440480e-02
-7.934570307256319510e-02
-1.647949217660928112e-01
-4.516601559515135977e-01
-4.882812496773120126e-02
1.190185546088447843e+00
3.112792966692863872e-01
4.364013668990976424e-01
2.655029295120384103e-01
4.486083981410303734e-01
3.967285153628159755e-02
-1.342773436612608173e-01
-3.448486325846016332e-01
-2.838134763749375900e-01
-2.502441404596223995e-01
1.525878905241599970e-01
-2.197265623547904057e-01
-1.800537108185087942e-01
-2.136230467338239847e-01
-1.495361327136768004e-01
-8.239746088304640559e-02
7.324218745159680188e-02
1.953124998709248050e-01
2.593994138910719616e-01
2.441406248386560063e-01
1.403808592822272105e-01
3.967285153628159755e-02
-3.051757810483200078e-02
-5.798339839918080496e-02
-6.103515620966400157e-03
1.129150389878783994e-01
1.031494139943321731e+00
1.312255858507775930e-01
-1.403808592822272105e-01
-1.098632811773952028e-01
-7.629394526207999849e-02
9.155273431449600235e-03
-6.103515620966400157e-03
-5.493164058869760141e-02
-1.312255858507775930e-01
-1.739501951975424010e-01
-6.408691402014719818e-02
8.239746088304640559e-02
1.373291014717439862e-01
-1.403808592822272105e-01
1.068115233669119923e-01
1.037597655564288096e-01
-1.220703124193280031e-02
3.356933591531520433e-02
-1.098632811773952028e-01
-1.617431639556095868e-01
-1.098632811773952028e-01
-4.272460934676480110e-02
-1.831054686289920047e-02
-3.051757810483200078e-03
2.502441404596223995e-01
2.105712889233407881e-01
1.159667967983616099e-01
-6.713867183063040867e-02
-1.708984373870592044e-01
-2.288818357862399955e-01
-1.861572264394751874e-01
-2.227783201652735745e-01
-1.098632811773952028e-01
-2.227783201652735745e-01
-4.882812496773120126e-02
-2.044677733023744226e-01
6.103515620966400157e-02
2.014160154918911982e-01
9.155273431449599542e-02
8.850097650401279881e-02
-1.037597655564288096e-01
-2.441406248386560063e-02
1.220703124193280031e-02
-1.525878905241600039e-02
2.288818357862399955e-01
1.922607420604415807e-01
7.263183588950016256e-01
1.434326170927104072e-01
-2.136230467338240055e-02
-4.882812496773120126e-02
-9.765624993546240251e-02
-1.953124998709248050e-01
-5.798339839918080496e-02
-3.662109372579840094e-02
9.155273431449600235e-03
-1.953124998709248050e-01
7.934570307256319510e-02
2.441406248386560063e-02
-2.136230467338240055e-02
-4.272460934676480110e-02
-2.624511717015551859e-01
-2.716064451330048035e-01
-2.075195311128576192e-01
3.051757810483200078e-02
6.713867183063040867e-02
2.227783201652735745e-01
1.831054686289919908e-01
1.831054686289919908e-01
1.739501951975424010e-01
2.166748045443072090e-01
5.187988277821440480e-02
-1.342773436612608173e-01
-2.258300779757567989e-01
-1.159667967983616099e-01
-2.716064451330048035e-01
-1.647949217660928112e-01
0.000000000000000000e+00
-1.434326170927104072e-01
-7.080078120321023905e-01
-2.258300779757567989e-01
-2.349853514072063887e-01
-1.831054686289919908e-01
-1.708984373870592044e-01
1.525878905241600039e-02
-8.239746088304640559e-02
2.258300779757567989e-01
1.831054686289919908e-01
2.044677733023744226e-01
1.647949217660928112e-01
7.629394526207999849e-02
1.159667967983616099e-01
8.544921869352960220e-02
6.103515620966400157e-03
-4.882812496773120126e-02
-9.460449212497920590e-02
-7.934570307256319510e-02
-9.155273431449599542e-02
2.136230467338240055e-02
-8.239746088304640559e-02
9.155273431449600235e-03
-9.765624993546240251e-02
-3.662109372579840094e-02
2.136230467338240055e-02
7.019042964111360527e-02
3.967285153628159755e-02
-1.098632811773952028e-01
-1.220703124193280031e-01
1.525878905241600039e-02
-1.098632811773952028e-01
6.713867183063040867e-02
4.272460934676480110e-02
4.577636715724799771e-02
-1.220703124193280031e-02
-1.800537108185087942e-01
-1.525878905241599970e-01
-2.014160154918911982e-01
-1.220703124193280031e-01
3.356933591531520433e-02
-9.155273431449600235e-03
-6.103515620966400157e-03
4.882812496773120126e-02
9.460449212497920590e-02
-5.187988277821440480e-02
-1.525878905241599970e-01
-1.983642576814079739e-01
-2.716064451330048035e-01
-1.770019530080255976e-01
6.103515620966400157e-02
1.831054686289919908e-01
2.258300779757567989e-01
1.586914061451263902e-01
1.831054686289920047e-02
4.272460934676480110e-02
1.739501951975424010e-01
1.495361327136768004e-01
1.586914061451263902e-01
2.044677733023744226e-01
1.708984373870592044e-01
-7.019042964111360527e-02
-1.312255858507775930e-01
-2.502441404596223995e-01
-1.373291014717439862e-01
2.441406248386560063e-02
2.441406248386560063e-01
7.324218745159680188e-02
-3.356933591531520433e-02
-1.220703124193280031e-02
9.765624993546240251e-02
1.281738280402943964e-01
1.831054686289920047e-02
1.037597655564288096e-01
1.983642576814079739e-01
1.831054686289920047e-02
-3.356933591531520433e-02
-5.798339839918080496e-02
-3.753662106894335992e-01
-1.831054686289919908e-01
-3.967285153628159755e-02
-7.019042964111360527e-02
-2.624511717015551859e-01
7.324218745159680188e-02
-3.967285153628159755e-02
1.525878905241599970e-01
-1.495361327136768004e-01
-4.272460934676480110e-02
-3.234863279112191736e-01
-9.155273431449599542e-02
-1.251220702298111997e-01
9.155273431449600235e-03
2.227783201652735745e-01
9.460449212497920590e-02
-9.155273431449599542e-02
3.967285153628159755e-02
1.098632811773952028e-01
-9.460449212497920590e-02
7.324218745159680188e-02
-1.800537108185087942e-01
0.000000000000000000e+00
-3.265380857217023980e-01
3.356933591531520433e-02
-1.525878905241599970e-01
2.502441404596223995e-01
-4.577636715724799771e-02
-2.655029295120384103e-01
6.103515620966400157e-02
-1.861572264394751874e-01
9.765624993546240251e-02
2.014160154918911982e-01
3.356933591531520433e-02
5.004882809192447990e-01
9.460449212497920590e-02
4.974365231087615746e-01
2.136230467338240055e-02
1.159667967983616099e-01
-2.136230467338240055e-02
-1.770019530080255976e-01
-1.861572264394751874e-01
-8.026123041570816241e-01
-1.770019530080255976e-01
2.502441404596223995e-01
-1.373291014717439862e-01
-4.577636715724799910e-01
6.408691402014719818e-02
5.065917965402112477e-01
9.460449212497920590e-02
5.767822261813247975e-01
-2.136230467338240055e-02
-3.051757810483199940e-01
4.577636715724799771e-02
1.037597655564288096e-01
7.934570307256319510e-02
7.904052729151487267e-01
1.068115233669119923e-01
-6.103515620966400157e-02
-3.051757810483200078e-02
3.295898435321856224e-01
-1.525878905241599970e-01
-5.218505855926272030e-01
-1.312255858507775930e-01
-6.378173823909888407e-01
-6.103515620966400157e-02
-3.906249997418496100e-01
6.408691402014719818e-02
4.425048825200639802e-01
6.408691402014719818e-02
9.460449212497920590e-02
-6.103515620966400157e-03
4.913330074877952369e-01
-5.493164058869760141e-02
1.068115233669119923e-01
2.441406248386560063e-02
-3.051757810483200078e-03
1.007080077459455991e-01
1.007080077459455991e-01
1.556396483346431936e-01
3.021240232378368251e-01
3.356933591531520433e-02
-2.655029295120384103e-01
-2.441406248386560063e-01
3.479003903950848020e-01
-2.563476560805887927e-01
-4.272460934676480110e-02
9.765624993546240251e-02
1.495361327136768004e-01
3.448486325846016332e-01
2.716064451330048035e-01
1.770019530080255976e-01
-1.434326170927104072e-01
-2.807617185644544211e-01
-4.211425778466815761e-01
-3.265380857217023980e-01
-3.967285153628159755e-02
1.831054686289919908e-01
3.814697263103999925e-01
3.082275388588032183e-01
7.324218745159680188e-02
-1.586914061451263902e-01
-3.082275388588032183e-01
-2.593994138910719616e-01
-1.312255858507775930e-01
-1.831054686289920047e-02
-1.831054686289920047e-02
-2.746582029434880071e-02
-1.373291014717439862e-01
-2.136230467338240055e-02
1.129150389878783994e-01
2.136230467338239847e-01
1.800537108185087942e-01
5.493164058869760141e-02
-1.281738280402943964e-01
-3.204345701007360048e-01
1.831054686289919908e-01
-2.136230467338239847e-01
-1.190185546088447927e-01
-9.460449212497920590e-02
-8.239746088304640559e-02
-6.713867183063040867e-02
-1.953124998709248050e-01
1.220703124193280031e-02
-4.272460934676480110e-02
-4.577636715724799771e-02
-1.647949217660928112e-01
-2.136230467338239847e-01
-8.239746088304640559e-02
5.798339839918080496e-02
2.502441404596223995e-01
3.448486325846016332e-01
6.195068355280896055e-01
4.577636715724799771e-02
-1.525878905241599970e-01
-2.319335935967232198e-01
-2.105712889233407881e-01
-1.098632811773952028e-01
8.850097650401279881e-02
-9.765624993546240251e-02
3.417968747741184088e-01
-1.403808592822272105e-01
-9.460449212497920590e-02
1.525878905241600039e-02
1.037597655564288096e-01
1.586914061451263902e-01
5.065917965402112477e-01
3.662109372579840094e-02
-6.103515620966400157e-02
-9.155273431449600235e-03
2.136230467338240055e-02
3.967285153628159755e-02
2.746582029434880071e-02
6.103515620966400157e-03
6.103515620966400157e-03
1.831054686289920047e-02
-7.324218745159680188e-02
-5.798339839918080496e-02
-1.708984373870592044e-01
-3.021240232378368251e-01
-1.672363280144793407e+00
-3.784179684999168236e-01
-2.227783201652735745e-01
-6.103515620966400157e-02
2.746582029434880071e-02
1.464843749031936038e-01
1.922607420604415807e-01
3.967285153628159755e-02
2.136230467338240055e-02
-4.577636715724799771e-02
-7.629394526207999849e-02
5.493164058869760141e-02
-2.807617185644544211e-01
1.312255858507775930e-01
1.129150389878783994e-01
6.103515620966400157e-02
6.408691402014719818e-02
-1.525878905241600039e-02
-2.624511717015551859e-01
-2.136230467338239847e-01
-3.448486325846016332e-01
-2.227783201652735745e-01
-1.281738280402943964e-01
3.662109372579840094e-02
3.601074216370175884e-01
2.838134763749375900e-01
2.990722654273536008e-01
1.953124998709248050e-01
-2.136230467338240055e-02
3.051757810483200078e-03
-3.662109372579840094e-02
-7.629394526207999849e-02
-1.678466795765759800e-01
-6.713867183063040867e-02
-4.272460934676480110e-02
-1.220703124193280031e-02
2.227783201652735745e-01
-2.746582029434880071e-02
6.103515620966400157e-03
-8.239746088304640559e-02
-4.119873044152320141e-01
-2.166748045443072090e-01
-1.525878905241599970e-01
-1.129150389878783994e-01
1.464843749031936038e-01
2.288818357862399955e-01
3.540039060160511952e-01
2.990722654273536008e-01
3.082275388588032183e-01
-1.953124998709248050e-01
-4.821777340563456193e-01
-5.035400387297279678e-01
-4.272460934676479694e-01
-9.765624993546240251e-02
-2.136230467338240055e-02
7.629394526207999849e-02
9.155273431449599542e-02
1.525878905241600039e-02
-2.746582029434880071e-02
5.493164058869760141e-02
-9.155273431449600235e-03
3.051757810483200078e-03
1.831054686289919908e-01
-1.922607420604415807e-01
-2.166748045443072090e-01
-1.434326170927104072e-01
-1.831054686289920047e-02
7.019042964111360527e-02
1.190185546088447927e-01
3.356933591531520433e-02
-4.882812496773120126e-01
-8.544921869352960220e-02
-7.324218745159680188e-02
-2.014160154918911982e-01
-6.286621089595392231e-01
-1.708984373870592044e-01
-2.746582029434880071e-02
2.380371092176895853e-01
3.662109372579840094e-02
4.699707028144127774e-01
3.509521482055679709e-01
5.493164058869760141e-02
2.349853514072063887e-01
-4.608154293829632153e-01
-4.547119137619968221e-01
-2.197265623547904057e-01
1.901245115931033514e+00
1.586914061451263902e-01
1.739501951975424010e-01
7.019042964111360527e-02
-2.297973631293849461e+00
-1.373291014717439862e-01
-2.075195311128576192e-01
-1.922607420604415807e-01
-1.586914061451263902e-01
-9.765624993546240251e-02
5.493164058869760141e-02
1.403808592822272105e-01
2.401733396850278535e+00
1.464843749031936038e-01
5.798339839918080496e-02
-5.187988277821440480e-02
-8.850097650401279881e-02
-1.525878905241600039e-02
1.281738280402943964e-01
3.051757810483200078e-03
-1.068115233669119923e-01
-2.777099607539711967e-01
-3.143310544797696116e-01
-1.861572264394751874e-01
5.493164058869760141e-02
3.051757810483199940e-01
3.082275388588032183e-01
1.800537108185087942e-01
-6.408691402014719818e-02
-2.532958982701056239e-01
-2.868652341854208143e-01
-1.068115233669119923e-01
1.190185546088447927e-01
2.624511717015551859e-01
2.838134763749375900e-01
1.983642576814079739e-01
6.408691402014719818e-02
-5.798339839918080496e-02
-1.251220702298111997e-01
-1.617431639556095868e-01
4.272460934676480110e-02
-1.831054686289919908e-01
-1.159667967983616099e-01
-1.525878905241600039e-02
2.746582029434880071e-02
1.525878905241600039e-02
-3.662109372579840094e-02
-6.408691402014719818e-02
2.227783201652735745e-01
6.713867183063040867e-02
1.586914061451263902e-01
1.953124998709248050e-01
3.021240232378368251e-01
-1.068115233669119923e-01
-2.471923826491391751e-01
-1.464843749031936038e-01
-1.647949217660928112e-01
1.373291014717439862e-01
1.342773436612608173e-01
1.525878905241600039e-02
-2.136230467338240055e-02
-3.692626950684672060e-01
-3.387451169636351844e-01
-2.136230467338240055e-02
-4.425048825200639802e-01
1.159667967983616099e-01
4.882812496773120126e-02
5.493164058869760141e-02
3.845214841208831613e-01
5.187988277821440480e-02
2.716064451330048035e-01
2.441406248386560063e-02
-1.647949217660928112e-01
-1.312255858507775930e-01
0.000000000000000000e+00
-2.075195311128576192e-01
-3.662109372579840094e-02
-1.953124998709248050e-01
-6.134033199071232678e-01
-4.577636715724799771e-02
0.000000000000000000e+00
1.373291014717439862e-01
6.866455073587199864e-01
1.892089842499584118e-01
2.746582029434880071e-02
-8.850097650401279881e-02
-7.659912104312832648e-01
-1.983642576814079739e-01
-8.239746088304640559e-02
7.629394526207999849e-02
1.770019530080255976e-01
2.807617185644544211e-01
1.312255858507775930e-01
1.068115233669119923e-01
9.765624993546240251e-02
-3.051757810483200078e-02
-1.617431639556095868e-01
-1.831054686289919908e-01
2.072143553318092746e+00
-1.617431639556095868e-01
-3.662109372579840094e-02
7.019042964111360527e-02
-2.716064451330048035e-01
1.373291014717439862e-01
3.051757810483200078e-03
-7.629394526207999849e-02
-3.051757810483200078e-02
3.051757810483200078e-02
6.713867183063040867e-02
2.044677733023744226e-01
2.441406248386560063e-01
2.075195311128576192e-01
9.460449212497920590e-02
1.525878905241600039e-02
-6.958007807901696040e-01
-1.312255858507775930e-01
-1.678466795765759800e-01
-2.685546873225216347e-01
-2.227783201652735745e-01
-2.105712889233407881e-01
-1.556396483346431936e-01
-1.068115233669119923e-01
-5.493164058869760141e-02
-1.220703124193280031e-02
5.187988277821440480e-02
1.190185546088447927e-01
1.831054686289919908e-01
1.708984373870592044e-01
5.493164058869760141e-02
-8.850097650401279881e-02
-1.464843749031936038e-01
-1.831054686289919908e-01
-9.460449212497920590e-02
-1.525878905241600039e-02
2.136230467338240055e-02
-1.434326170927104072e-01
-2.838134763749375900e-01
-2.929687498063872075e-01
-2.136230467338239847e-01
-2.441406248386560063e-02
7.324218745159680188e-02
1.007080077459455991e-01
-3.967285153628159755e-02
-1.708984373870592044e-01
-1.739501951975424010e-01
9.155273431449600235e-03
1.647949217660928112e-01
2.227783201652735745e-01
1.495361327136768004e-01
-4.272460934676480110e-02
-2.410888670281728097e-01
-2.227783201652735745e-01
-1.373291014717439862e-01
2.746582029434880071e-02
9.155273431449599542e-02
6.408691402014719818e-02
-7.019042964111360527e-02
-1.770019530080255976e-01
-2.441406248386560063e-01
-1.922607420604415807e-01
-4.882812496773120126e-02
2.136230467338240055e-02
1.037597655564288096e-01
1.617431639556095868e-01
2.075195311128576192e-01
1.678466795765759800e-01
3.082275388588032183e-01
1.220703124193280031e-02
-1.617431639556095868e-01
-1.647949217660928112e-01
6.103515620966400157e-03
-8.239746088304640559e-02
-1.129150389878783994e-01
-4.272460934676480110e-02
1.953124998709248050e-01
-1.495361327136768004e-01
-1.831054686289920047e-02
3.967285153628159755e-02
1.495361327136768004e-01
1.861572264394751874e-01
-3.662109372579840094e-02
7.629394526207999849e-02
-6.408691402014719818e-02
-1.403808592822272105e-01
-1.831054686289920047e-02
-1.220703124193280031e-01
8.239746088304640559e-02
4.882812496773120126e-02
5.889892574232575839e-01
-3.356933591531520433e-02
-4.577636715724799771e-02
-2.197265623547904057e-01
-4.241943356571648005e-01
-2.563476560805887927e-01
-2.227783201652735745e-01
-5.187988277821440480e-02
-7.934570307256319510e-02
2.105712889233407881e-01
1.831054686289919908e-01
1.739501951975424010e-01
7.629394526207999849e-02
-8.544921869352960220e-02
-1.617431639556095868e-01
-1.220703124193280031e-01
-9.155273431449599542e-02
-2.441406248386560063e-02
6.103515620966400157e-03
8.239746088304640559e-02
1.281738280402943964e-01
1.007080077459455991e-01
5.798339839918080496e-02
-3.051757810483200078e-02
-5.798339839918080496e-02
-1.647949217660928112e-01
-1.800537108185087942e-01
-1.129150389878783994e-01
-2.136230467338240055e-02
1.220703124193280031e-01
1.373291014717439862e-01
2.014160154918911982e-01
1.220703124193280031e-01
1.525878905241600039e-02
-8.544921869352960220e-02
-2.014160154918911982e-01
-2.593994138910719616e-01
-1.892089842499584118e-01
-1.312255858507775930e-01
0.000000000000000000e+00
5.798339839918080496e-02
1.220703124193280031e-01
1.190185546088447927e-01
6.713867183063040867e-02
1.525878905241600039e-02
9.155273431449600235e-03
6.713867183063040867e-02
-9.155273431449599542e-02
-1.983642576814079739e-01
-8.544921869352960220e-02
-2.136230467338240055e-02
9.460449212497920590e-02
2.014160154918911982e-01
1.678466795765759800e-01
1.007080077459455991e-01
-9.460449212497920590e-02
-2.777099607539711967e-01
-3.112792966692863872e-01
-2.746582029434879724e-01
-1.678466795765759800e-01
3.051757810483200078e-02
1.342773436612608173e-01
2.166748045443072090e-01
2.563476560805887927e-01
1.800537108185087942e-01
5.493164058869760141e-02
-1.220703124193280031e-01
-1.495361327136768004e-01
-1.647949217660928112e-01
-1.525878905241599970e-01
-1.953124998709248050e-01
-1.861572264394751874e-01
-1.464843749031936038e-01
-1.770019530080255976e-01
-1.434326170927104072e-01
-1.495361327136768004e-01
7.019042964111360527e-02
9.155273431449599542e-02
2.349853514072063887e-01
-2.441406248386560063e-02
-6.103515620966400157e-02
-1.434326170927104072e-01
-5.279541012135935407e-01
1.434326170927104072e-01
3.936767575523327789e-01
4.577636715724799910e-01
8.117675775885312417e-01
1.190185546088447927e-01
-1.403808592822272105e-01
-3.509521482055679709e-01
-9.277343743868928794e-01
-1.525878905241599970e-01
-3.967285153628159755e-02
4.272460934676480110e-02
-1.119995116447334516e+00
-1.403808592822272105e-01
-2.624511717015551859e-01
-1.525878905241599970e-01
-5.432128902660096070e-01
1.739501951975424010e-01
3.021240232378368251e-01
1.281738280402943964e-01
1.281738280402943964e-01
-1.312255858507775930e-01
-2.441406248386560063e-02
-3.967285153628159755e-02
1.098632811773952028e-01
1.037597655564288096e-01
1.068115233669119923e-01
9.155273431449600235e-03
6.103515620966400157e-03
-3.967285153628159755e-02
-1.312255858507775930e-01
-3.356933591531520433e-02
-9.155273431449599542e-02
-1.220703124193280031e-01
3.356933591531520433e-02
-8.544921869352960220e-02
6.103515620966400157e-02
6.713867183063040867e-02
6.408691402014719818e-02
4.577636715724799771e-02
-1.831054686289920047e-02
-9.155273431449599542e-02
-8.544921869352960220e-02
-1.464843749031936038e-01
-1.098632811773952028e-01
-1.525878905241599970e-01
-3.540039060160511952e-01
-1.281738280402943964e-01
-4.882812496773120126e-02
3.051757810483200078e-02
-8.239746088304640559e-02
7.324218745159680188e-02
-2.746582029434880071e-02
-1.800537108185087942e-01
-1.831054686289919908e-01
-1.159667967983616099e-01
3.662109372579840094e-02
2.563476560805887927e-01
2.136230467338239847e-01
3.173828122902527804e-01
1.037597655564288096e-01
-6.103515620966400157e-02
1.525878905241600039e-02
-1.129150389878783994e-01
-5.493164058869760141e-02
-5.493164058869760141e-02
5.493164058869760141e-02
-2.014160154918911982e-01
-3.356933591531519601e-01
-2.441406248386560063e-01
-8.239746088304640559e-02
9.460449212497920590e-02
1.800537108185087942e-01
1.068115233669119923e-01
-4.577636715724799771e-02
-5.493164058869760141e-02
-5.798339839918080496e-02
8.850097650401279881e-02
2.319335935967232198e-01
3.143310544797696116e-01
1.922607420604415807e-01
1.220703124193280031e-02
-1.983642576814079739e-01
-2.746582029434879724e-01
-2.258300779757567989e-01
-2.105712889233407881e-01
-1.831054686289919908e-01
-1.007080077459455991e-01
-8.850097650401279881e-02
-1.831054686289920047e-02
1.312255858507775930e-01
9.155273431449599542e-02
-3.356933591531520433e-02
5.798339839918080496e-02
8.544921869352960220e-02
-9.155273431449600235e-03
5.187988277821440480e-02
3.662109372579840094e-02
-6.103515620966400157e-03
-1.525878905241600039e-02
-1.525878905241600039e-02
9.155273431449600235e-03
-6.103515620966400157e-03
2.746582029434880071e-02
-6.103515620966400157e-02
-2.136230467338239847e-01
-1.242065428866662380e+00
-3.448486325846016332e-01
-2.075195311128576192e-01
3.051757810483200078e-02
-4.364013668990976424e-01
3.234863279112191736e-01
2.624511717015551859e-01
1.403808592822272105e-01
-7.873535151046655578e-01
4.577636715724799771e-02
2.136230467338240055e-02
-5.798339839918080496e-02
-6.835937495482368176e-01
-2.349853514072063887e-01
-2.349853514072063887e-01
-1.251220702298111997e-01
6.103515620966400157e-03
1.831054686289919908e-01
3.021240232378368251e-01
2.197265623547904057e-01
4.272460934676480110e-02
-1.464843749031936038e-01
-2.136230467338239847e-01
-3.295898435321856224e-01
-1.892089842499584118e-01
6.103515620966400157e-03
6.103515620966400157e-02
1.342773436612608173e-01
1.251220702298111997e-01
7.629394526207999849e-02
2.441406248386560063e-02
-2.136230467338240055e-02
-1.770019530080255976e-01
-2.441406248386560063e-01
-4.241943356571648005e-01
-2.593994138910719616e-01
-1.525878905241599970e-01
1.831054686289920047e-02
6.713867183063040867e-02
1.312255858507775930e-01
2.075195311128576192e-01
1.678466795765759800e-01
1.251220702298111997e-01
-1.831054686289920047e-02
5.187988277821440480e-02
-4.272460934676480110e-02
7.019042964111360527e-02
-2.105712889233407881e-01
-2.471923826491391751e-01
-2.197265623547904057e-01
4.302978512781311937e-01
-7.324218745159680188e-02
4.272460934676480110e-02
-2.441406248386560063e-02
1.159667967983616099e-01
-4.577636715724799771e-02
5.187988277821440480e-02
2.166748045443072090e-01
1.708984373870592044e-01
3.692626950684672060e-01
2.410888670281728097e-01
9.765624993546240251e-02
9.582519524917247900e-01
-7.324218745159680188e-02
-3.051757810483200078e-02
-1.525878905241600039e-02
-6.408691402014719818e-02
-1.434326170927104072e-01
-2.532958982701056239e-01
-2.227783201652735745e-01
8.544921869352960220e-02
-7.019042964111360527e-02
-3.356933591531520433e-02
9.155273431449599542e-02
-2.014160154918911982e-01
1.159667967983616099e-01
1.525878905241599970e-01
1.708984373870592044e-01
5.157470699716608653e-01
1.098632811773952028e-01
1.190185546088447927e-01
-1.831054686289920047e-02
1.190185546088447927e-01
-3.356933591531520433e-02
-7.019042964111360527e-02
-1.770019530080255976e-01
-1.617431639556095868e-01
-4.180908200361983518e-01
-3.051757810483199940e-01
-6.713867183063040867e-02
6.042480464756736502e-01
2.532958982701056239e-01
3.601074216370175884e-01
2.258300779757567989e-01
-7.568359369998336472e-01
-1.190185546088447927e-01
-1.708984373870592044e-01
-1.556396483346431936e-01
6.958007807901696040e-01
-2.441406248386560063e-02
1.220703124193280031e-02
-3.356933591531520433e-02
-7.354736323264512432e-01
-1.831054686289919908e-01
-2.166748045443072090e-01
-2.838134763749375900e-01
1.586914061451263902e-01
-5.493164058869760141e-02
1.068115233669119923e-01
8.850097650401279881e-02
1.831054686289920047e-02
1.068115233669119923e-01
1.068115233669119923e-01
1.739501951975424010e-01
3.234863279112191736e-01
3.082275388588032183e-01
2.685546873225216347e-01
3.051757810483200078e-03
-2.929687498063872075e-01
-3.387451169636351844e-01
-2.716064451330048035e-01
-2.258300779757567989e-01
-2.685546873225216347e-01
-6.408691402014719818e-02
3.967285153628159755e-02
7.934570307256319510e-02
2.593994138910719616e-01
1.190185546088447927e-01
1.068115233669119923e-01
-9.155273431449600235e-03
-6.713867183063040867e-02
2.136230467338240055e-02
2.136230467338239847e-01
2.685546873225216347e-01
3.082275388588032183e-01
7.934570307256319510e-02
-2.624511717015551859e-01
-3.112792966692863872e-01
-5.157470699716608653e-01
-1.739501951975424010e-01
-5.187988277821440480e-02
1.525878905241600039e-02
-1.403808592822272105e-01
-2.166748045443072090e-01
-1.617431639556095868e-01
-1.037597655564288096e-01
7.934570307256319510e-02
2.899169919959039832e-01
2.593994138910719616e-01
1.922607420604415807e-01
-6.103515620966400157e-02
-1.708984373870592044e-01
-1.892089842499584118e-01
-6.713867183063040867e-02
2.227783201652735745e-01
-1.495361327136768004e-01
-2.502441404596223995e-01
-2.655029295120384103e-01
-1.312255858507775930e-01
-1.434326170927104072e-01
-2.227783201652735745e-01
1.251220702298111997e-01
-3.051757810483200078e-03
2.563476560805887927e-01
3.631591794475008128e-01
2.899169919959039832e-01
-1.434326170927104072e-01
3.967285153628159755e-02
-4.364013668990976424e-01
-2.502441404596223995e-01
-1.922607420604415807e-01
0.000000000000000000e+00
7.934570307256318955e-01
2.319335935967232198e-01
-3.570556638265344196e-01
-3.967285153628159755e-02
-5.493164058869759447e-01
-2.838134763749375900e-01
-9.613037103022079588e-01
-2.441406248386560063e-02
2.716064451330048035e-01
8.239746088304640559e-02
-8.422851556933631523e-01
-4.272460934676480110e-02
1.251220702298111886e+00
1.312255858507775930e-01
-1.525878905241600039e-02
1.831054686289919908e-01
-1.513671873999667294e+00
-1.617431639556095868e-01
-1.058959960237670472e+00
-2.593994138910719616e-01
9.765624993546240251e-02
-1.220703124193280031e-01
1.495361327136768004e-01
-2.410888670281728097e-01
1.007080077459455991e-01
-2.380371092176895853e-01
8.544921869352959387e-01
1.403808592822272105e-01
1.574707030209331116e+00
5.493164058869760141e-02
-1.220703124193280031e-01
-6.713867183063040867e-02
1.846313475342336030e+00
2.502441404596223995e-01
1.040649413374771237e+00
4.333496090886144181e-01
4.699707028144127774e-01
6.408691402014719818e-02
6.622314448748544136e-01
-3.234863279112191736e-01
3.723144528789503749e-01
-2.441406248386560063e-01
6.164550777176064367e-01
-1.495361327136768004e-01
3.265380857217023980e-01
5.187988277821440480e-02
-2.166748045443072090e-01
6.713867183063040867e-02
8.911132806610942980e-01
1.831054686289920047e-02
-5.554199215079423935e-01
1.647949217660928112e-01
1.892089842499584118e-01
2.685546873225216347e-01
3.570556638265344196e-01
-2.532958982701056239e-01
-1.245117186677145549e+00
-3.112792966692863872e-01
7.629394526207999849e-02
1.220703124193280031e-01
7.019042964111359417e-01
3.967285153628159755e-02
6.591796870643712447e-01
-3.753662106894335992e-01
-5.004882809192447990e-01
-1.251220702298111997e-01
-1.098632811773952028e-01
2.410888670281728097e-01
-3.906249997418496100e-01
1.403808592822272105e-01
8.666992181772288362e-01
7.934570307256319510e-02
7.995605463465983442e-01
1.281738280402943964e-01
-8.270263666409473080e-01
3.051757810483200078e-02
-7.110595698425856703e-01
-1.220703124193280031e-01
-4.577636715724799771e-02
-2.380371092176895853e-01
-2.868652341854208143e-01
-2.899169919959039832e-01
6.561279292538879648e-01
-1.373291014717439862e-01
-3.082275388588032183e-01
1.556396483346431936e-01
-1.922607420604415807e-01
1.251220702298111997e-01
1.022338866511872002e+00
7.324218745159680188e-02
1.083374022721536045e+00
1.892089842499584118e-01
5.004882809192447990e-01
5.493164058869760141e-02
8.850097650401279881e-02
-2.227783201652735745e-01
-1.599121092693196688e+00
-8.544921869352960220e-02
-7.720947260522496025e-01
1.831054686289920047e-02
3.997802731732991721e-01
-2.410888670281728097e-01
2.685546873225216347e-01
-9.460449212497920590e-02
5.371093746450432693e-01
2.014160154918911982e-01
-1.782226561322188596e+00
2.197265623547904057e-01
-4.516601559515135977e-01
9.460449212497920590e-02
-7.354736323264512432e-01
-1.525878905241600039e-02
-1.336669920991641503e+00
-1.403808592822272105e-01
-3.173828122902527804e-01
-1.800537108185087942e-01
1.364135741285990466e+00
4.272460934676480110e-02
-2.145385740769689686e+00
-1.739501951975424010e-01
1.379394530338406533e+00
-3.021240232378368251e-01
-4.486083981410303734e-01
-4.882812496773120126e-02
-1.092529296152985552e+00
2.288818357862399955e-01
-5.859374996127744151e-01
3.570556638265344196e-01
1.809692381616537560e+00
1.770019530080255976e-01
-6.286621089595392231e-01
-3.051757810483200078e-02
1.773071287890739089e+00
-1.464843749031936038e-01
3.570556638265344196e-01
-6.103515620966400157e-03
3.784179684999168236e-01
-8.544921869352960220e-02
-5.950927730442239216e-01
-1.770019530080255976e-01
-1.193237303898931234e+00
-1.800537108185087942e-01
6.744384761167872000e-01
-1.037597655564288096e-01
-1.281738280402943964e-01
5.493164058869760141e-02
1.724243162923007944e+00
3.112792966692863872e-01
-2.349853514072063887e-01
2.227783201652735745e-01
6.713867183063040867e-02
-2.227783201652735745e-01
2.258300779757567989e-01
-2.807617185644544211e-01
1.931762694035865646e+00
2.746582029434880071e-02
-1.068115233669119923e-01
-9.155273431449600235e-03
1.373291014717439973e+00
-2.105712889233407881e-01
-1.712036131681075268e+00
-2.532958982701056239e-01
1.303100585076326423e+00
-2.105712889233407881e-01
-1.403808592822272105e-01
-1.159667967983616099e-01
4.852294918668288437e-01
2.410888670281728097e-01
1.751708983217356908e+00
3.540039060160511952e-01
-1.184082030467481728e+00
9.155273431449600235e-03
1.934814451846348815e+00
-3.906249997418496100e-01
9.979248040280063181e-01
-4.272460934676479694e-01
9.185791009554432618e-01
-1.953124998709248050e-01
2.166748045443072090e+00
1.831054686289919908e-01
8.575439447457792186e-01
2.227783201652735745e-01
1.205444335140863910e+00
-1.647949217660928112e-01
-1.519775389620633632e+00
-1.007080077459455991e-01
-1.138305663310233529e+00
2.288818357862399955e-01
-9.674072259231744075e-01
5.432128902660096070e-01
-1.098632811773952028e-01
1.892089842499584118e-01
-1.971435545572147063e+00
-1.342773436612608173e-01
1.785278319132671987e+00
-1.403808592822272105e-01
-1.303100585076326423e+00
-1.617431639556095868e-01
-1.223754882003763145e+00
-1.708984373870592044e-01
6.469726558224383473e-01
6.713867183063040867e-02
4.974365231087615746e-01
2.349853514072063887e-01
4.943847652982783503e-01
1.068115233669119923e-01
-3.143310544797696116e-01
-1.098632811773952028e-01
-8.544921869352960220e-02
4.577636715724799771e-02
4.577636715724799910e-01
1.464843749031936038e-01
3.356933591531520433e-02
-3.967285153628159755e-02
2.777099607539711967e-01
-2.258300779757567989e-01
-2.319335935967232198e-01
-1.708984373870592044e-01
-6.103515620966400157e-03
1.983642576814079739e-01
1.611328123935129586e+00
4.150390622257152384e-01
1.892089842499584118e-01
-3.051757810483200078e-02
-2.624511717015551859e-01
-3.021240232378368251e-01
9.887695305965567005e-01
-1.434326170927104072e-01
1.068115233669119923e-01
1.525878905241599970e-01
9.765624993546240251e-02
-3.356933591531520433e-02
-1.770019530080255976e-01
-1.983642576814079739e-01
-1.312255858507775930e-01
1.007080077459455991e-01
1.098632811773952028e-01
2.532958982701056239e-01
-1.220703124193280031e-02
-1.373291014717439862e-01
-1.403808592822272105e-01
-3.051757810483200078e-02
-4.180908200361983518e-01
1.007080077459455991e-01
2.288818357862399955e-01
1.403808592822272105e-01
2.136230467338240055e-02
-1.159667967983616099e-01
-1.647949217660928112e-01
-2.349853514072063887e-01
-9.552001946812416211e-01
7.934570307256319510e-02
1.312255858507775930e-01
1.007080077459455991e-01
3.051757810483200078e-02
-4.882812496773120126e-02
-2.685546873225216347e-01
-4.699707028144127774e-01
-2.471923826491391751e-01
-6.408691402014719818e-02
1.098632811773952028e-01
1.159667967983616099e-01
2.471923826491391751e-01
1.983642576814079739e-01
-4.882812496773120126e-02
-2.349853514072063887e-01
-5.187988277821440480e-02
-2.471923826491391751e-01
-7.629394526207999849e-02
3.051757810483200078e-02
-7.324218745159680188e-02
-1.861572264394751874e-01
-1.309204100697292761e+00
-8.850097650401279881e-02
-5.493164058869760141e-02
6.713867183063040867e-02
2.075195311128576192e-01
3.631591794475008128e-01
-7.629394526207999849e-02
9.155273431449599542e-02
6.103515620966400157e-03
-2.136230467338240055e-02
-7.324218745159680188e-02
-2.746582029434880071e-02
-1.007080077459455991e-01
3.356933591531520433e-02
9.155273431449600235e-03
3.356933591531520433e-02
1.959228514330214610e+00
-1.220703124193280031e-02
-2.136230467338239847e-01
-2.532958982701056239e-01
-1.434326170927104072e-01
7.324218745159680188e-02
-5.096435543506944166e-01
5.310058590240768206e-01
1.962280272140697779e+00
9.765624993546240251e-02
1.342773436612608173e-01
4.272460934676480110e-02
-9.765624993546240251e-02
-9.155273431449599542e-02
-1.434326170927104072e-01
1.525878905241600039e-02
-1.861572264394751874e-01
1.220703124193280031e-01
-7.324218745159680188e-02
-1.129150389878783994e-01
-6.408691402014719818e-02
-6.408691402014719818e-02
1.953124998709248050e-01
3.967285153628159755e-02
-1.983642576814079739e-01
2.502441404596223995e-01
1.495361327136768004e-01
-3.051757810483200078e-03
5.798339839918080496e-02
3.448486325846016332e-01
9.460449212497920590e-02
4.882812496773120126e-02
9.765624993546240251e-02
-1.800537108185087942e-01
-1.678466795765759800e-01
-2.990722654273536008e-01
-4.791259762458623950e-01
-1.251220702298111997e-01
-2.777099607539711967e-01
-1.861572264394751874e-01
5.798339839918080496e-02
2.899169919959039832e-01
3.051757810483199940e-01
3.112792966692863872e-01
1.556396483346431936e-01
-2.441406248386560063e-02
-7.629394526207999849e-02
-2.746582029434880071e-02
-6.103515620966400157e-03
2.227783201652735745e-01
8.544921869352960220e-02
9.155273431449600235e-03
-2.746582029434880071e-02
-6.011962886651903704e-01
-1.098632811773952028e-01
-2.899169919959039832e-01
-9.765624993546240251e-02
-2.166748045443072090e-01
-3.356933591531520433e-02
-5.493164058869760141e-02
1.220703124193280031e-02
-6.103515620966400157e-03
9.460449212497920590e-02
-9.155273431449599542e-02
1.068115233669119923e-01
1.495361327136768004e-01
2.349853514072063887e-01
5.798339839918080496e-02
-3.662109372579840094e-02
-3.997802731732991721e-01
-4.577636715724799910e-01
-8.514404291248127699e-01
-3.479003903950848020e-01
-1.464843749031936038e-01
8.239746088304640559e-02
-1.556396483346431936e-01
2.014160154918911982e-01
-3.051757810483200078e-02
-9.765624993546240251e-02
-2.014160154918911982e-01
-3.356933591531520433e-02
-9.765624993546240251e-02
2.014160154918911982e-01
3.051757810483200078e-03
1.007080077459455991e-01
-9.155273431449600235e-03
-3.051757810483200078e-03
-2.471923826491391751e-01
-9.765624993546240251e-02
-6.103515620966400157e-02
-1.831054686289920047e-02
-1.525878905241600039e-02
6.408691402014719818e-02
-1.373291014717439862e-01
-9.155273431449599542e-02
-3.112792966692863872e-01
-1.220703124193280031e-01
1.281738280402943964e-01
1.373291014717439862e-01
5.432128902660096070e-01
1.770019530080255976e-01
1.220703124193280031e-02
-3.021240232378368251e-01
-4.119873044152320141e-01
-3.692626950684672060e-01
-3.387451169636351844e-01
1.708984373870592044e-01
4.943847652982783503e-01
3.295898435321856224e-01
5.737304683708416286e-01
-1.434326170927104072e-01
-4.882812496773120126e-01
-2.807617185644544211e-01
-1.708984373870592044e-01
9.155273431449600235e-03
2.563476560805887927e-01
3.662109372579840094e-02
-3.936767575523327789e-01
-1.983642576814079739e-01
-4.058837887942656208e-01
-2.166748045443072090e-01
9.155273431449599542e-02
2.105712889233407881e-01
4.852294918668288437e-01
3.448486325846016332e-01
3.906249997418496100e-01
1.831054686289920047e-02
-1.617431639556095868e-01
-2.044677733023744226e-01
-3.112792966692863872e-01
-6.408691402014719818e-02
7.629394526207999849e-02
-1.007080077459455991e-01
-3.204345701007360048e-01
-2.929687498063872075e-01
-2.929687498063872075e-01
-2.655029295120384103e-01
-4.272460934676479694e-01
1.525878905241600039e-02
1.220703124193280031e-02
1.342773436612608173e-01
-7.629394526207999849e-02
1.098632811773952028e-01
5.065917965402112477e-01
1.586914061451263902e-01
1.831054686289919908e-01
1.403808592822272105e-01
1.495361327136768004e-01
-9.765624993546240251e-02
-6.713867183063040867e-02
-1.708984373870592044e-01
-1.770019530080255976e-01
-1.708984373870592044e-01
-5.798339839918080496e-02
-6.713867183063040867e-02
-6.103515620966400157e-02
-1.129150389878783994e-01
-1.586914061451263902e-01
-1.129150389878783994e-01
-1.007080077459455991e-01
-2.136230467338240055e-02
1.251220702298111997e-01
1.586914061451263902e-01
2.868652341854208143e-01
1.068115233669119923e-01
-3.051757810483200078e-02
-8.544921869352960220e-02
-1.495361327136768004e-01
-2.044677733023744226e-01
-1.586914061451263902e-01
-1.037597655564288096e-01
-1.068115233669119923e-01
-6.103515620966400157e-03
3.662109372579840094e-02
-6.103515620966400157e-03
9.155273431449600235e-03
-7.934570307256319510e-02
8.239746088304640559e-02
1.525878905241600039e-02
1.800537108185087942e-01
1.770019530080255976e-01
1.861572264394751874e-01
1.281738280402943964e-01
3.967285153628159755e-02
-9.155273431449600235e-03
1.068115233669119923e-01
-1.220703124193280031e-02
3.204345701007360048e-01
3.051757810483200078e-02
-6.103515620966400157e-03
5.798339839918080496e-02
1.831054686289920047e-02
-2.319335935967232198e-01
-3.417968747741184088e-01
-3.631591794475008128e-01
-2.716064451330048035e-01
